00000000000000000000000000000000
00000000000000000000000000000000
00000000000000000000000000000000
00000000000000000000000000000000
00000000000000000000000000000000
00000000000000000000000000000000
00000000000000000000000000000000
00000000000000000000000000000000
00000000000000000000000000000000
00000000000000000000000000000000
00000000000000000000000000000000
00000000000000000000000001001101
00000000000000000000000001011001
00000000000000000000000000100001
00000000000000000000000000000000
00000000000000000000000000000100
00000000000000000000000000101100
00000000000000000000000000001011
00000000000000000000000000000000
00000000000000000000000000011001
00000000000000000000000000110111
00000000000000000000000000110011
00000000000000000000000000000000
00000000000000000000000000100001
00000000000000000000000001111001
00000000000000000000000001100110
00000000000000000000000000101111
00000000000000000000000000000000
00000000000000000000000001100101
00000000000000000000000001001010
00000000000000000000000000110111
00000000000000000000000001110011

